JAN 01 14  025  016  0.00  00.0
JAN 02 14  019  -01  0.40  05.5
JAN 03 14  011  -01  0.14  02.1
JAN 04 14  026  -04  0.00  00.0
JAN 05 14  039  018  0.05  00.0
JAN 06 14  058  027  0.60  00.0
JAN 07 14  027  007  9.99  99.9
JAN 08 14  020  006  0.00  00.0
JAN 09 14  028  013  0.00  00.0
JAN 10 14  037  012  0.10  02.0
JAN 11 14  059  033  0.30  00.0
JAN 12 14  055  036  0.04  00.0
JAN 13 14  052  032  0.00  00.0
JAN 14 14  050  042  0.64  00.0
JAN 15 14  048  033  0.01  00.0
JAN 16 14  037  030  0.00  00.0
JAN 17 14  044  033  0.00  00.0
JAN 18 14  035  030  0.50  05.0
JAN 19 14  032  028  0.05  00.5
JAN 20 14  041  019  0.00  00.0
JAN 21 14  019  008  0.02  00.7
JAN 22 14  017  004  9.99  99.9
JAN 23 14  020  002  0.00  00.0
JAN 24 14  017  004  0.00  00.0
JAN 25 14  036  014  0.02  00.2
JAN 26 14  024  013  9.99  99.9
JAN 27 14  044  019  0.04  00.0
JAN 28 14  019  010  0.00  00.0
JAN 29 14  024  012  0.00  00.0
JAN 30 14  030  012  0.00  00.0
JAN 31 14  040  020  0.00  00.0
FEB 01 14  046  028  0.00  00.0
FEB 02 14  050  035  0.08  00.0
FEB 03 14  038  023  0.10  01.0
FEB 04 14  035  017  0.00  00.0
FEB 05 14  030  022  1.06  10.9
FEB 06 14  028  015  9.99  99.9
FEB 07 14  030  011  0.00  00.0
FEB 08 14  029  014  0.00  00.0
FEB 09 14  030  018  0.06  00.7
FEB 10 14  025  015  0.05  00.7
FEB 11 14  023  007  0.00  00.0
FEB 12 14  028  005  0.00  00.0
FEB 13 14  033  015  0.90  08.8
FEB 14 14  034  027  0.32  00.7
FEB 15 14  035  024  0.30  03.5
FEB 16 14  031  020  9.99  99.9
FEB 17 14  026  012  0.00  00.0
FEB 18 14  027  006  0.64  08.0
FEB 19 14  036  018  0.19  03.0
FEB 20 14  047  029  0.27  99.9
FEB 21 14  038  032  0.37  00.0
FEB 22 14  052  033  0.00  00.0
FEB 23 14  048  031  0.00  00.0
FEB 24 14  040  022  0.00  00.0
FEB 25 14  026  017  0.00  00.0
FEB 26 14  028  012  0.00  00.0
FEB 27 14  027  008  9.99  99.9
FEB 28 14  024  007  0.00  00.0
MAR 01 14  034  005  0.00  00.0
MAR 02 14  037  026  0.00  00.0
MAR 03 14  025  012  0.00  00.0
MAR 04 14  029  006  0.00  00.0
MAR 05 14  024  015  0.01  00.4
MAR 06 14  030  007  0.00  00.0
MAR 07 14  038  006  0.00  00.0
MAR 08 14  052  023  0.00  00.0
MAR 09 14  038  027  0.00  00.0
MAR 10 14  044  027  0.01  00.1
MAR 11 14  056  034  0.00  00.0
MAR 12 14  044  036  0.49  00.0
MAR 13 14  036  014  0.12  01.1
MAR 14 14  038  012  0.00  00.0
MAR 15 14  055  036  0.02  00.0
MAR 16 14  037  020  0.00  00.0
MAR 17 14  030  013  0.00  00.0
MAR 18 14  040  014  0.00  00.0
MAR 19 14  043  020  0.01  00.1
MAR 20 14  048  032  0.55  00.0
MAR 21 14  041  031  0.00  00.0
MAR 22 14  054  027  0.03  00.0
MAR 23 14  040  021  0.00  00.0
MAR 24 14  029  014  0.00  00.0
MAR 25 14  037  017  0.00  00.0
MAR 26 14  033  022  0.02  00.0
MAR 27 14  044  019  0.00  00.0
MAR 28 14  055  035  0.02  00.0
MAR 29 14  052  039  0.55  00.0
MAR 30 14  039  035  2.26  00.0
MAR 31 14  042  033  1.69  99.9
APR 01 14  055  032  0.00  00.0
APR 02 14  059  032  0.00  00.0
APR 03 14  054  030  0.00  00.0
APR 04 14  047  034  0.23  00.0
APR 05 14  049  036  0.16  00.0
APR 06 14  056  034  0.00  00.0
APR 07 14  061  034  0.03  00.0
APR 08 14  066  042  0.34  00.0
APR 09 14  053  038  0.00  00.0
APR 10 14  062  031  0.00  00.0
APR 11 14  070  050  0.06  00.0
APR 12 14  068  044  0.04  00.0
APR 13 14  055  045  0.03  00.0
APR 14 14  075  042  0.00  00.0
APR 15 14  067  041  0.58  00.0
APR 16 14  041  028  0.46  00.4
APR 17 14  040  027  0.00  00.0
APR 18 14  046  027  0.00  00.0
APR 19 14  059  035  0.00  00.0
APR 20 14  055  034  0.00  00.0
APR 21 14  072  037  0.00  00.0
APR 22 14  076  048  0.02  00.0
APR 23 14  056  045  0.59  00.0
APR 24 14  055  040  0.00  00.0
APR 25 14  066  041  0.00  00.0
APR 26 14  052  041  0.24  00.0
APR 27 14  051  040  0.16  00.0
APR 28 14  057  040  9.99  00.0
APR 29 14  046  040  9.99  00.0
APR 30 14  046  039  0.43  00.0
MAY 01 14  065  041  0.67  00.0
MAY 02 14  066  050  0.02  00.0
MAY 03 14  066  049  0.00  00.0
MAY 04 14  059  048  0.02  00.0
MAY 05 14  063  049  0.00  00.0
MAY 06 14  060  043  0.00  00.0
MAY 07 14  069  043  0.00  00.0
MAY 08 14  073  043  0.00  00.0
MAY 09 14  055  049  0.02  00.0
MAY 10 14  080  051  0.09  00.0
MAY 11 14  079  062  0.00  00.0
MAY 12 14  087  055  0.00  00.0
MAY 13 14  055  048  0.00  00.0
MAY 14 14  069  047  0.00  00.0
MAY 15 14  077  060  0.00  00.0
MAY 16 14  072  063  0.32  00.0
MAY 17 14  073  056  0.59  00.0
MAY 18 14  069  049  0.00  00.0
MAY 19 14  064  049  0.00  00.0
MAY 20 14  072  051  0.00  00.0
MAY 21 14  074  048  0.00  00.0
MAY 22 14  065  050  0.18  00.0
MAY 23 14  059  050  0.05  00.0
MAY 24 14  067  050  0.22  00.0
MAY 25 14  072  051  0.00  00.0
MAY 26 14  078  055  0.02  00.0
MAY 27 14  070  047  0.38  00.0
MAY 28 14  049  042  0.09  00.0
MAY 29 14  066  041  0.01  00.0
MAY 30 14  074  047  0.20  00.0
MAY 31 14  063  047  0.00  00.0
JUN 01 14  078  046  0.00  00.0
JUN 02 14  084  054  0.00  00.0
JUN 03 14  080  059  0.00  00.0
JUN 04 14  066  057  0.02  00.0
JUN 05 14  062  056  0.44  00.0
JUN 06 14  073  055  0.00  00.0
JUN 07 14  082  055  0.00  00.0
JUN 08 14  086  058  0.00  00.0
JUN 09 14  078  064  0.00  00.0
JUN 10 14  079  061  0.14  00.0
JUN 11 14  071  056  0.00  00.0
JUN 12 14  067  058  0.00  00.0
JUN 13 14  062  058  0.90  00.0
JUN 14 14  073  057  0.01  00.0
JUN 15 14  076  055  0.00  00.0
JUN 16 14  082  055  0.00  00.0
JUN 17 14  088  064  0.00  00.0
JUN 18 14  083  069  0.04  00.0
JUN 19 14  081  065  0.00  00.0
JUN 20 14  073  057  0.00  00.0
JUN 21 14  073  050  0.00  00.0
JUN 22 14  078  052  0.00  00.0
JUN 23 14  080  052  0.00  00.0
JUN 24 14  082  060  0.00  00.0
JUN 25 14  088  066  0.00  00.0
JUN 26 14  078  061  0.66  00.0
JUN 27 14  079  057  0.00  00.0
JUN 28 14  084  056  0.00  00.0
JUN 29 14  086  060  0.00  00.0
JUN 30 14  088  064  0.00  00.0